image_width: 640
image_height: 480
camera_name: usb_cam
camera_matrix:
  rows: 3
  cols: 3
  data: [ 693.93969,    0.     ,  335.32183,
            0.     ,  689.14625,  217.36992,
            0.     ,    0.     ,    1.     ]
camera_model: plumb_bob
distortion_coefficients:
  rows: 1
  cols: 5
  data: [0.044866, -0.249701, -0.000468, 0.004615, 0.000000]
rectification_matrix:
  rows: 3
  cols: 3
  data: [ 1.,  0.,  0.,
          0.,  1.,  0.,
          0.,  0.,  1.]
projection_matrix:
  rows: 3
  cols: 4
  data: [ 691.92358,    0.     ,  337.855  ,    0.     ,
            0.     ,  690.81512,  217.07969,    0.     ,
            0.     ,    0.     ,    1.     ,    0.     ]
